[16.85029431 15.51264884 16.81247093 15.47155566 16.03728119 16.50676415
 16.77456227 16.46815178 17.55346034 15.26443044 16.77456227  1.95441005
 15.26443044 10.76405122 15.917747   21.67545598 14.66892917 16.11647812
 17.87688803 18.1595441  22.51109368 14.84151075 15.9975357  23.01450957
 16.15593101 15.75695755 15.79730834 17.03815178 15.87770229 15.47155566
 13.77362306 15.22266722 16.66031875 17.66192765 15.43035304 16.35176762
 22.4260924  14.88434348 16.66031875 17.91246396 16.39065416 14.31752656
 16.07692842 15.05445578 14.00281721 14.62546558 17.84124116 16.66031875
 29.12005386 16.81247093 15.9975357  15.43035304 17.6979357  16.15593101
 14.27299293 15.22266722 16.69848677 16.27371578 17.18695943 15.9975357
 10.34176589 14.62546558 17.91246396 14.96964127 14.75547228 21.73411767
 15.71650316 22.3407677  16.15593101 16.5452864  17.11271736 18.74604263
 16.96325845 16.11647812 14.31752656 16.35176762 17.58969043 14.53814859
 16.5452864  15.30607971 14.09345128 22.98683125 15.30607971 17.29772508
 16.11647812 15.87770229 23.15240481 20.65272978 16.46815178 15.95769122
 13.20733954 14.9270533  12.20528684 14.49429284 16.69848677 15.67594438
 16.03728119 15.22266722 14.22831992 14.36192209 13.72732504 16.03728119
 14.96964127 15.43035304 24.04268607 16.50676415 15.05445578 13.44618962
 15.43035304 15.30607971 17.37117647 16.58371917]