mean diameter: 97.269 nm
12.412170838050638
10.645107772184812
10.645107772184812
14.712264360219255
139.6594307084128
131.0815305685779
109.8417858827432
133.1678654145637
130.53645018610965
101.43494842018134
108.22444535325077
12.412170838050638
123.01920674724798
11.283791670955125
111.16109832875327
144.48982253093976
143.72113669964673
96.58029252766738
216.79567466707863
179.11397714497855
125.7573392894246
194.02544580333932
131.60984296995858
163.28001355710862
11.283791670955125
139.04268857893504
126.60997538983925
137.8378775465514
103.7740818767866
11.726460285670077
11.283791670955125
15.430353037616328
