mean diameter: 23.763 nm
76.074
17.178
78.528
68.712
12.27
78.528
12.27
83.436
85.89
12.27
66.258
78.528
71.166
12.27
12.27
12.27
49.08
83.436
49.08
12.27
12.27
83.436
46.626
90.798
14.724
12.27
7.194
8.013
10.314
8.22
7.74
5.995
2.496
7.646
8.103
10.635
3.461
3.854
11.098
3.854
9.21
8.073
6.531
9.105
12.169
23.83
59.947
18.052
8.278
85.501
5.915
64.618
9.026
7.293
8.132
10.103
8.132
8.563
8.073
9.839
2.189
7.456
9.262
8.45
8.132
10.314
8.336
9.984
9.642
10.858
8.674
8.946
9.692
9.984
8.919
9.313
9.339
10.008
6.853
