mean diameter: 46.192 nm
36.735
36.735
44.898
36.735
36.735
53.061
36.735
36.735
44.898
44.898
44.898
53.061
36.735
36.735
53.061
53.061
53.061
36.735
44.898
53.061
53.061
44.898
53.061
53.061
53.061
53.061
36.735
36.735
36.735
36.735
44.898
44.898
36.735
44.898
44.898
53.061
53.061
53.061
36.735
44.898
53.061
53.061
36.735
36.735
36.735
36.735
44.898
44.898
36.735
44.898
44.898
44.898
53.061
36.735
36.735
44.898
44.898
44.898
53.061
53.061
53.061
36.735
36.735
44.898
36.735
44.898
36.735
36.735
36.735
36.735
44.898
53.061
53.061
71.127
83.125
98.699
83.443
