mean diameter: 15.917 nm
10.645107772184812
10.645107772184812
10.645107772184812
10.645107772184812
11.507254783503184
11.726460285670077
11.941642642883693
11.941642642883693
12.153015559492998
12.153015559492998
12.153015559492998
12.153015559492998
12.360774464742066
12.360774464742066
12.565098628628435
12.766152972845846
12.815923738491737
12.815923738491737
12.815923738491737
13.159049284959082
13.255453865237978
13.255453865237978
13.398760233979036
13.680870333281758
14.002817212590296
14.093451279891855
14.183506197980657
14.228319915326999
14.450303987687134
14.538148590038452
14.625465582862905
14.96964127403822
15.306079714651624
16.195287778099022
17.517155313611116
17.94796937867892
18.5067943613625
19.47884453275087
20.185060176161283
20.435815879801165
20.98906578384008
22.22649192646566
22.680140565547774
23.12489154112443
26.05065598682386
28.299605538565682
33.090572803628525
33.32063749403756
