mean diameter: 70.133 nm
142.9883932679756
13.86575534383214
128.1493021752133
125.0822430471475
122.08415994988792
143.95571134939215
92.78131580202145
109.03319507926113
135.66384049976904
11.726460285670077
127.35697295547361
10.645107772184812
140.05090212720938
138.8181562677112
139.79611501089724
103.95183507840218
12.412170838050638
129.6605373607679
134.3955958415789
11.726460285670077
194.76229747245736
125.47353095633473
12.412170838050638
14.27299292922217
10.645107772184812
12.153015559492998
10.645107772184812
10.645107772184812
13.207339536360731
11.726460285670077
12.153015559492998
13.86575534383214
12.360774464742066
12.153015559492998
14.048207338801282
