mean diameter: 30.591 nm
53.061
20.408
44.898
53.061
20.408
20.408
61.224
20.408
20.408
20.408
20.408
20.408
20.408
20.408
20.408
20.408
20.408
20.408
36.735
28.571
20.408
20.408
69.388
20.408
20.408
20.408
44.898
20.408
20.408
20.408
20.408
28.571
53.061
44.898
53.061
53.061
53.061
53.061
53.061
20.408
20.408
53.061
20.408
20.408
20.408
20.408
53.061
36.735
20.408
20.408
20.408
20.408
20.408
20.408
28.571
28.571
20.408
20.408
20.408
20.408
36.735
28.571
20.408
20.408
20.408
20.408
44.898
20.408
20.408
69.388
77.551
77.551
28.571
28.571
20.408
20.408
20.408
20.408
20.408
20.408
20.408
36.735
28.571
28.571
28.571
28.571
36.735
61.224
20.408
20.408
20.408
20.408
20.408
20.408
20.408
36.735
102.041
