mean diameter: 35.404 nm
22.397686948112614
28.367012395961314
19.413369239820483
24.875578761936154
21.557653718072718
24.824341676101277
17.983404693292407
23.26213245840639
19.931149940667517
26.366433043273013
20.090219901261573
26.29389801439097
20.185060176161283
22.05396803500069
24.514670406003766
12.766152972845846
15.347615963921077
18.746042631630413
127.26696448244535
136.09955509408232
27.361740666563517
113.71464644596277
124.78669653497138
24.121991458915023
54.72348133312703
20.867389014906145
14.841510746523857
22.36924542940416
23.98967015655475
122.95191383073542
16.96325844612841
26.34227689249097
16.03728119216293
22.255115881567058
118.82855949271183
23.98967015655475
23.480049464818542
20.090219901261573
22.736210219877808
21.43920417481474
28.456639830653998
38.90863424344407
60.806970306955044
18.982275710779543
24.61832697999475
22.48279562821002
19.182445840623714
29.575590733458846
23.34408972623798
21.049640414216977
25.780439141949365
13.58748446131949
